# Chunk-averaged data for fix fp and group mobile
# Timestep Number-of-chunks Total-count
# Chunk Coord1 Ncount v_tatom
400000 40 3096
  1 0.0125 0 0
  2 0.0375 72.0025 318.672
  3 0.0625 95.9935 317.856
  4 0.0875 72.004 311.383
  5 0.1125 83.456 307.15
  6 0.1375 84.544 308
  7 0.1625 72.0215 306.594
  8 0.1875 95.949 306.001
  9 0.2125 72.0295 307.687
  10 0.2375 83.3555 308.479
  11 0.2625 84.6445 307.055
  12 0.2875 72.047 305.38
  13 0.3125 95.8965 305.171
  14 0.3375 72.0565 304.862
  15 0.3625 83.765 304.581
  16 0.3875 84.235 303.955
  17 0.4125 72.039 302.741
  18 0.4375 95.934 304.838
  19 0.4625 72.027 304.239
  20 0.4875 83.7155 303.843
  21 0.5125 84.2845 302.601
  22 0.5375 72.0215 302.819
  23 0.5625 95.944 299.675
  24 0.5875 72.0345 298.201
  25 0.6125 83.5415 298.634
  26 0.6375 84.4585 297.126
  27 0.6625 72.04 296.915
  28 0.6875 95.904 294.855
  29 0.7125 72.056 297.826
  30 0.7375 83.8705 298.186
  31 0.7625 84.1295 296.103
  32 0.7875 72.0255 293.421
  33 0.8125 95.947 294.482
  34 0.8375 72.0275 292.468
  35 0.8625 84.2065 292.205
  36 0.8875 83.7935 294.198
  37 0.9125 72.004 289.934
  38 0.9375 95.995 281.943
  39 0.9625 72.001 279.168
  40 0.9875 0 0
800000 40 3096
  1 0.0125 0 0
  2 0.0375 72.003 319.975
  3 0.0625 95.9875 318.28
  4 0.0875 72.0095 309.079
  5 0.1125 83.642 306.631
  6 0.1375 84.358 305.093
  7 0.1625 72.0395 305.343
  8 0.1875 95.9185 304.912
  9 0.2125 72.042 303.036
  10 0.2375 84.01 303.419
  11 0.2625 83.99 300.265
  12 0.2875 72.0815 302.256
  13 0.3125 95.882 300.448
  14 0.3375 72.0365 302.655
  15 0.3625 84.3405 300.705
  16 0.3875 83.6595 303.059
  17 0.4125 72.0295 300.59
  18 0.4375 95.9425 298.43
  19 0.4625 72.028 300.353
  20 0.4875 83.8475 299.86
  21 0.5125 84.1525 296.98
  22 0.5375 72.059 299.639
  23 0.5625 95.894 297.289
  24 0.5875 72.047 297.569
  25 0.6125 83.671 297.288
  26 0.6375 84.329 295.278
  27 0.6625 72.067 295.784
  28 0.6875 95.885 294.948
  29 0.7125 72.048 295.054
  30 0.7375 84.2205 296.93
  31 0.7625 83.7795 297.149
  32 0.7875 72.0295 295.443
  33 0.8125 95.94 292.904
  34 0.8375 72.0305 292.426
  35 0.8625 84.547 293.483
  36 0.8875 83.453 291.856
  37 0.9125 72.0045 289.782
  38 0.9375 95.9955 281.883
  39 0.9625 72 281.804
  40 0.9875 0 0
1200000 40 3096.000000000001
  1 0.0125 0 0
  2 0.0375 72.002 318.713
  3 0.0625 95.9915 318.103
  4 0.0875 72.0065 308.222
  5 0.1125 83.334 304.809
  6 0.1375 84.666 304.929
  7 0.1625 72.027 305.47
  8 0.1875 95.94 303.164
  9 0.2125 72.033 304.895
  10 0.2375 83.3345 301.48
  11 0.2625 84.6655 301.691
  12 0.2875 72.0555 298.436
  13 0.3125 95.8895 298.833
  14 0.3375 72.055 299.97
  15 0.3625 83.904 298.842
  16 0.3875 84.096 301.565
  17 0.4125 72.0385 300.339
  18 0.4375 95.9155 300.987
  19 0.4625 72.046 301.134
  20 0.4875 83.736 300.804
  21 0.5125 84.264 298.562
  22 0.5375 72.0445 299.396
  23 0.5625 95.915 300.663
  24 0.5875 72.0405 299.643
  25 0.6125 83.5365 300.597
  26 0.6375 84.4635 300.531
  27 0.6625 72.044 299.938
  28 0.6875 95.891 298.115
  29 0.7125 72.065 298.582
  30 0.7375 83.741 296.705
  31 0.7625 84.259 296.288
  32 0.7875 72.032 296.695
  33 0.8125 95.926 294.937
  34 0.8375 72.042 293.061
  35 0.8625 84.301 293.404
  36 0.8875 83.699 293.577
  37 0.9125 72.0055 290.507
  38 0.9375 95.9935 281.624
  39 0.9625 72.001 281.258
  40 0.9875 0 0
1600000 40 3095.9999999999995
  1 0.0125 0 0
  2 0.0375 72.0025 319.34
  3 0.0625 95.991 317.256
  4 0.0875 72.0065 309.508
  5 0.1125 83.472 306.152
  6 0.1375 84.528 305.546
  7 0.1625 72.0195 305.537
  8 0.1875 95.944 305.411
  9 0.2125 72.0365 304.042
  10 0.2375 83.775 306.584
  11 0.2625 84.225 305.056
  12 0.2875 72.031 304.229
  13 0.3125 95.9235 305.729
  14 0.3375 72.0455 304.884
  15 0.3625 84.017 303.271
  16 0.3875 83.983 304.754
  17 0.4125 72.0275 301.386
  18 0.4375 95.9425 302.563
  19 0.4625 72.03 302.909
  20 0.4875 83.824 301.233
  21 0.5125 84.176 299.106
  22 0.5375 72.02 299.77
  23 0.5625 95.953 298.57
  24 0.5875 72.027 299.676
  25 0.6125 83.5495 296.482
  26 0.6375 84.4505 296.368
  27 0.6625 72.0285 296.606
  28 0.6875 95.9145 296.785
  29 0.7125 72.057 295.833
  30 0.7375 84.009 295.167
  31 0.7625 83.991 295.165
  32 0.7875 72.023 296.224
  33 0.8125 95.9545 296.87
  34 0.8375 72.0225 292.593
  35 0.8625 84.321 292.864
  36 0.8875 83.679 291.423
  37 0.9125 72.002 291.13
  38 0.9375 95.998 282.091
  39 0.9625 72 280.05
  40 0.9875 0 0
2000000 40 3096
  1 0.0125 0 0
  2 0.0375 72.0015 319.914
  3 0.0625 95.992 316.391
  4 0.0875 72.0065 308.312
  5 0.1125 83.5765 307.899
  6 0.1375 84.4235 307.528
  7 0.1625 72.019 306.391
  8 0.1875 95.9355 307.035
  9 0.2125 72.0455 306.082
  10 0.2375 83.791 303.739
  11 0.2625 84.209 303.96
  12 0.2875 72.0455 304.932
  13 0.3125 95.8875 306.933
  14 0.3375 72.067 306.574
  15 0.3625 83.822 305.786
  16 0.3875 84.178 305.022
  17 0.4125 72.0465 304.304
  18 0.4375 95.8815 303.742
  19 0.4625 72.072 302.462
  20 0.4875 83.6355 300.785
  21 0.5125 84.3645 299.601
  22 0.5375 72.0665 299.867
  23 0.5625 95.8535 300.708
  24 0.5875 72.08 299.924
  25 0.6125 83.554 302.088
  26 0.6375 84.446 298.734
  27 0.6625 72.0815 299.5
  28 0.6875 95.876 299.274
  29 0.7125 72.0425 296.997
  30 0.7375 83.715 297.483
  31 0.7625 84.285 297.186
  32 0.7875 72.0355 294.756
  33 0.8125 95.9425 293.671
  34 0.8375 72.022 294.202
  35 0.8625 83.9185 292.168
  36 0.8875 84.0815 290.708
  37 0.9125 72.0015 289.891
  38 0.9375 95.9985 282.037
  39 0.9625 72 279.799
  40 0.9875 0 0
2400000 40 3096
  1 0.0125 0 0
  2 0.0375 72.0005 318.538
  3 0.0625 95.9945 317.421
  4 0.0875 72.005 306.043
  5 0.1125 83.5315 303.375
  6 0.1375 84.4685 303.137
  7 0.1625 72.0235 302.194
  8 0.1875 95.9595 300.415
  9 0.2125 72.017 301.448
  10 0.2375 83.444 301.182
  11 0.2625 84.556 299.595
  12 0.2875 72.025 299.838
  13 0.3125 95.946 299.886
  14 0.3375 72.029 301.506
  15 0.3625 83.446 299.781
  16 0.3875 84.554 301.848
  17 0.4125 72.044 301.616
  18 0.4375 95.927 299.57
  19 0.4625 72.029 301.51
  20 0.4875 83.792 300.491
  21 0.5125 84.208 299.997
  22 0.5375 72.0365 300.327
  23 0.5625 95.9305 297.008
  24 0.5875 72.033 296.81
  25 0.6125 84.101 296.269
  26 0.6375 83.899 298.086
  27 0.6625 72.0335 299.292
  28 0.6875 95.9445 297.679
  29 0.7125 72.022 295.214
  30 0.7375 84.223 293.645
  31 0.7625 83.777 292.637
  32 0.7875 72.0155 290.608
  33 0.8125 95.976 289.915
  34 0.8375 72.0085 288.102
  35 0.8625 84.1685 290.107
  36 0.8875 83.8315 291.464
  37 0.9125 72.0015 290.534
  38 0.9375 95.9985 281.861
  39 0.9625 72 280.537
  40 0.9875 0 0
2800000 40 3096.0000000000005
  1 0.0125 0 0
  2 0.0375 72.0015 320.844
  3 0.0625 95.9925 317.569
  4 0.0875 72.006 308.171
  5 0.1125 83.57 311.021
  6 0.1375 84.43 309.566
  7 0.1625 72.0335 309.858
  8 0.1875 95.928 308.764
  9 0.2125 72.0385 305.574
  10 0.2375 83.754 305.82
  11 0.2625 84.246 305.02
  12 0.2875 72.079 303.873
  13 0.3125 95.827 304.796
  14 0.3375 72.094 305.378
  15 0.3625 83.847 304.505
  16 0.3875 84.153 304.133
  17 0.4125 72.0875 305.301
  18 0.4375 95.8005 303.865
  19 0.4625 72.112 301.585
  20 0.4875 83.811 302.391
  21 0.5125 84.189 300.771
  22 0.5375 72.1025 300.066
  23 0.5625 95.803 299.156
  24 0.5875 72.0945 300.014
  25 0.6125 84.0125 297.917
  26 0.6375 83.9875 299.709
  27 0.6625 72.101 299.38
  28 0.6875 95.8105 296.771
  29 0.7125 72.0885 295.883
  30 0.7375 84.26 296.968
  31 0.7625 83.74 298.215
  32 0.7875 72.019 296.594
  33 0.8125 95.943 297.29
  34 0.8375 72.038 295.339
  35 0.8625 84.3445 294.937
  36 0.8875 83.6555 292.475
  37 0.9125 72.0045 289.492
  38 0.9375 95.995 282.293
  39 0.9625 72.0005 280.641
  40 0.9875 0 0
3200000 40 3096
  1 0.0125 0 0
  2 0.0375 72.0025 320.018
  3 0.0625 95.99 316.514
  4 0.0875 72.0075 305.612
  5 0.1125 83.158 303.824
  6 0.1375 84.842 303.952
  7 0.1625 72.048 301.896
  8 0.1875 95.906 302.957
  9 0.2125 72.046 300.978
  10 0.2375 83.556 302.362
  11 0.2625 84.444 301.613
  12 0.2875 72.088 300.703
  13 0.3125 95.8295 302.937
  14 0.3375 72.0825 300.991
  15 0.3625 84.1465 298.544
  16 0.3875 83.8535 298.711
  17 0.4125 72.064 299.306
  18 0.4375 95.8615 298.303
  19 0.4625 72.0745 297.275
  20 0.4875 84.009 295.763
  21 0.5125 83.991 296.99
  22 0.5375 72.069 295.396
  23 0.5625 95.863 296.945
  24 0.5875 72.068 297.48
  25 0.6125 83.4315 296.614
  26 0.6375 84.5685 296.796
  27 0.6625 72.068 298.345
  28 0.6875 95.8235 294.04
  29 0.7125 72.1085 293.687
  30 0.7375 83.8785 294.146
  31 0.7625 84.1215 292.651
  32 0.7875 72.051 292.186
  33 0.8125 95.9005 294.465
  34 0.8375 72.0485 295.367
  35 0.8625 84.6355 293.726
  36 0.8875 83.3645 293.912
  37 0.9125 72.0045 290.699
  38 0.9375 95.9945 283.847
  39 0.9625 72.001 279.973
  40 0.9875 0 0
3600000 40 3096
  1 0.0125 0 0
  2 0.0375 72.001 319.445
  3 0.0625 95.99 317.871
  4 0.0875 72.009 308.535
  5 0.1125 82.6125 306.78
  6 0.1375 85.3875 306.348
  7 0.1625 72.0465 305.131
  8 0.1875 95.869 305.159
  9 0.2125 72.0845 302.04
  10 0.2375 83.853 301.977
  11 0.2625 84.147 299.766
  12 0.2875 72.094 301.385
  13 0.3125 95.844 300.434
  14 0.3375 72.062 303.628
  15 0.3625 84.706 301.025
  16 0.3875 83.294 300.344
  17 0.4125 72.0515 301.881
  18 0.4375 95.902 300.942
  19 0.4625 72.0465 300.185
  20 0.4875 83.644 298.288
  21 0.5125 84.356 297.79
  22 0.5375 72.033 297.973
  23 0.5625 95.9125 297.406
  24 0.5875 72.0545 296.84
  25 0.6125 82.5095 296.973
  26 0.6375 85.4905 293.97
  27 0.6625 72.039 294.076
  28 0.6875 95.8435 293.579
  29 0.7125 72.1175 293.309
  30 0.7375 83.3785 294.384
  31 0.7625 84.6215 294.426
  32 0.7875 72.0675 292.724
  33 0.8125 95.878 291.99
  34 0.8375 72.0545 292.001
  35 0.8625 84.736 294.217
  36 0.8875 83.264 291.887
  37 0.9125 72.0085 290.934
  38 0.9375 95.9915 282.999
  39 0.9625 72 280.484
  40 0.9875 0 0
4000000 40 3096
  1 0.0125 0 0
  2 0.0375 72.0005 319.285
  3 0.0625 95.9895 316.805
  4 0.0875 72.01 307.122
  5 0.1125 82.8725 306.858
  6 0.1375 85.1275 307.03
  7 0.1625 72.05 305.689
  8 0.1875 95.8775 305.393
  9 0.2125 72.0725 305.981
  10 0.2375 84.008 307.023
  11 0.2625 83.992 306.018
  12 0.2875 72.1105 305.986
  13 0.3125 95.8335 303.422
  14 0.3375 72.056 303.622
  15 0.3625 84.7695 302.946
  16 0.3875 83.2305 304.294
  17 0.4125 72.048 303.696
  18 0.4375 95.9305 301.784
  19 0.4625 72.0215 301.655
  20 0.4875 83.5785 299.38
  21 0.5125 84.4215 299.805
  22 0.5375 72.015 298.253
  23 0.5625 95.939 298.059
  24 0.5875 72.046 293.995
  25 0.6125 82.4515 295.007
  26 0.6375 85.5485 294.071
  27 0.6625 72.031 295.298
  28 0.6875 95.8495 296.669
  29 0.7125 72.1195 296.058
  30 0.7375 83.4195 294.757
  31 0.7625 84.5805 293.927
  32 0.7875 72.066 293.167
  33 0.8125 95.8755 291.719
  34 0.8375 72.0585 292.02
  35 0.8625 84.773 292.714
  36 0.8875 83.227 290.799
  37 0.9125 72.0035 289.83
  38 0.9375 95.996 282.457
  39 0.9625 72.0005 280.79
  40 0.9875 0 0
