# Chunk-averaged data for fix fp and group mobile
# Timestep Number-of-chunks Total-count
# Chunk Coord1 Ncount v_tatom
400000 40 3040
  1 0.0125 0 0
  2 0.0375 89.0255 320.433
  3 0.0625 71.037 318.916
  4 0.0875 88.5805 314.052
  5 0.1125 71.48 312.028
  6 0.1375 88.3605 312.798
  7 0.1625 71.6565 308.902
  8 0.1875 88.6195 309.682
  9 0.2125 71.418 310.245
  10 0.2375 88.343 308.567
  11 0.2625 71.628 306.266
  12 0.2875 88.614 303.969
  13 0.3125 71.4945 301.128
  14 0.3375 88.1855 301.295
  15 0.3625 71.772 295.619
  16 0.3875 88.403 297.402
  17 0.4125 71.708 298.284
  18 0.4375 88.0975 299.89
  19 0.4625 71.922 298.218
  20 0.4875 88.2525 299.691
  21 0.5125 71.6875 297.634
  22 0.5375 87.8945 296.181
  23 0.5625 72.1615 293.87
  24 0.5875 88.0855 293.272
  25 0.6125 71.9265 293.269
  26 0.6375 87.993 292.826
  27 0.6625 71.903 290.64
  28 0.6875 88.326 291.57
  29 0.7125 71.657 292.493
  30 0.7375 88.1245 292.388
  31 0.7625 71.9175 289.143
  32 0.7875 88.442 287.91
  33 0.8125 71.4265 289.069
  34 0.8375 88.5525 288.474
  35 0.8625 71.409 289.332
  36 0.8875 88.032 285.83
  37 0.9125 71.92 286.245
  38 0.9375 90.0935 280.062
  39 0.9625 69.8505 279.343
  40 0.9875 0 0
800000 40 3040.0000000000005
  1 0.0125 0 0
  2 0.0375 90.854 320.954
  3 0.0625 69.417 321.052
  4 0.0875 88.1205 311.879
  5 0.1125 71.8615 308.674
  6 0.1375 88.738 306.977
  7 0.1625 71.374 307.873
  8 0.1875 88.2905 306.255
  9 0.2125 71.9595 307.588
  10 0.2375 87.699 308.206
  11 0.2625 72.2255 306.605
  12 0.2875 88.135 305.64
  13 0.3125 72.193 306.57
  14 0.3375 87.2165 304.636
  15 0.3625 72.7015 304.19
  16 0.3875 87.836 300.381
  17 0.4125 72.392 305.132
  18 0.4375 87.285 300.037
  19 0.4625 72.4335 298.032
  20 0.4875 88.164 298.411
  21 0.5125 72.0885 296.475
  22 0.5375 87.813 296.093
  23 0.5625 71.919 296.493
  24 0.5875 88.532 295.459
  25 0.6125 71.5895 295.098
  26 0.6375 88.253 294.616
  27 0.6625 71.4565 292.647
  28 0.6875 88.8385 292.77
  29 0.7125 71.1425 291.738
  30 0.7375 88.549 290.748
  31 0.7625 71.3515 292.25
  32 0.7875 88.889 292.656
  33 0.8125 70.942 291.511
  34 0.8375 89.1795 291.002
  35 0.8625 70.783 288.377
  36 0.8875 88.4555 287.442
  37 0.9125 71.3845 286.716
  38 0.9375 90.6555 280.734
  39 0.9625 69.282 281.165
  40 0.9875 0 0
1200000 40 3039.9999999999995
  1 0.0125 0 0
  2 0.0375 89.4475 319.405
  3 0.0625 70.6375 319.482
  4 0.0875 88.2905 310.448
  5 0.1125 71.744 307.938
  6 0.1375 88.2555 305.945
  7 0.1625 72.0095 301.965
  8 0.1875 88.064 304.329
  9 0.2125 72.3945 307.176
  10 0.2375 87.173 306.623
  11 0.2625 72.987 305.023
  12 0.2875 87.223 305.855
  13 0.3125 73.1625 305.174
  14 0.3375 86.734 304.222
  15 0.3625 73.5695 300.95
  16 0.3875 86.758 302.424
  17 0.4125 73.366 300.668
  18 0.4375 86.386 301.645
  19 0.4625 73.5155 299.175
  20 0.4875 86.91 298.015
  21 0.5125 73.3485 297.968
  22 0.5375 86.706 295.914
  23 0.5625 72.932 297.016
  24 0.5875 87.3185 297.075
  25 0.6125 72.719 295.225
  26 0.6375 87.2835 294.529
  27 0.6625 72.4805 293.607
  28 0.6875 87.9525 294.196
  29 0.7125 71.777 294.266
  30 0.7375 88.113 288.84
  31 0.7625 71.4235 289.576
  32 0.7875 88.729 289.476
  33 0.8125 71.0465 290.829
  34 0.8375 88.946 290.782
  35 0.8625 70.916 289.142
  36 0.8875 88.8905 287.226
  37 0.9125 70.865 285.923
  38 0.9375 90.463 280.431
  39 0.9625 69.4625 280.242
  40 0.9875 0 0
1600000 40 3039.999999999999
  1 0.0125 0 0
  2 0.0375 89.16 319.625
  3 0.0625 70.934 320.012
  4 0.0875 87.725 313.345
  5 0.1125 72.3245 309.966
  6 0.1375 88.1355 308.305
  7 0.1625 71.8905 304.853
  8 0.1875 87.9885 305.225
  9 0.2125 71.9605 303.444
  10 0.2375 87.972 303.574
  11 0.2625 72.117 304.991
  12 0.2875 88.2635 305.959
  13 0.3125 71.7745 303.277
  14 0.3375 87.8655 302.894
  15 0.3625 72.25 304.637
  16 0.3875 88.044 304.616
  17 0.4125 71.9025 302.479
  18 0.4375 88.0275 302.789
  19 0.4625 72.036 300.462
  20 0.4875 88.0495 298.991
  21 0.5125 71.932 299.893
  22 0.5375 87.9595 301.354
  23 0.5625 71.95 298.629
  24 0.5875 88.342 296.788
  25 0.6125 71.771 293.559
  26 0.6375 88.0485 296.046
  27 0.6625 71.818 296.071
  28 0.6875 88.6525 295.802
  29 0.7125 71.395 293.38
  30 0.7375 88.205 293.406
  31 0.7625 71.6825 292.616
  32 0.7875 88.8875 291.512
  33 0.8125 71.133 292.009
  34 0.8375 88.412 292.309
  35 0.8625 71.549 290.898
  36 0.8875 88.739 290.088
  37 0.9125 71.1465 287.357
  38 0.9375 89.944 281.478
  39 0.9625 70.0125 279.097
  40 0.9875 0 0
2000000 40 3040.000000000001
  1 0.0125 0 0
  2 0.0375 89.1815 318.766
  3 0.0625 70.899 321.197
  4 0.0875 87.844 311.793
  5 0.1125 72.2255 308.611
  6 0.1375 88.391 307.746
  7 0.1625 71.771 306.389
  8 0.1875 87.7645 304.02
  9 0.2125 72.3925 303.614
  10 0.2375 88.035 302.051
  11 0.2625 71.941 302.101
  12 0.2875 87.9875 301.721
  13 0.3125 72.32 300.254
  14 0.3375 87.834 299.332
  15 0.3625 72.0585 299.217
  16 0.3875 87.907 295.431
  17 0.4125 72.298 296.56
  18 0.4375 87.3605 297.79
  19 0.4625 72.703 297.811
  20 0.4875 87.5435 294.852
  21 0.5125 72.614 293.707
  22 0.5375 87.0245 295.619
  23 0.5625 72.837 297.061
  24 0.5875 87.6845 294.99
  25 0.6125 72.24 292.548
  26 0.6375 87.249 291.815
  27 0.6625 72.6755 293.977
  28 0.6875 87.7425 292.109
  29 0.7125 72.157 293.129
  30 0.7375 87.456 296.287
  31 0.7625 72.4185 293.846
  32 0.7875 88.385 292.156
  33 0.8125 71.3195 288.885
  34 0.8375 88.3245 289.827
  35 0.8625 71.6225 287.983
  36 0.8875 88.424 288.36
  37 0.9125 71.4175 288.072
  38 0.9375 89.9595 281.303
  39 0.9625 69.992 277.918
  40 0.9875 0 0
2400000 40 3040
  1 0.0125 0 0
  2 0.0375 89.7895 320.287
  3 0.0625 70.322 319.638
  4 0.0875 88.1035 311.223
  5 0.1125 71.928 307.327
  6 0.1375 88.446 305.428
  7 0.1625 71.716 305.072
  8 0.1875 88.311 302.533
  9 0.2125 71.826 307.098
  10 0.2375 87.627 305.109
  11 0.2625 72.458 303.626
  12 0.2875 87.948 302.993
  13 0.3125 72.3575 305.004
  14 0.3375 87.232 306.609
  15 0.3625 72.6715 301.659
  16 0.3875 88.2105 301.161
  17 0.4125 72.1375 302.025
  18 0.4375 87.247 301.57
  19 0.4625 72.5865 299.636
  20 0.4875 87.8465 300.447
  21 0.5125 72.244 297.393
  22 0.5375 87.425 296.837
  23 0.5625 72.446 299.151
  24 0.5875 87.535 297.105
  25 0.6125 72.7575 296.868
  26 0.6375 87.53 296.941
  27 0.6625 72.295 295.771
  28 0.6875 87.957 296.517
  29 0.7125 71.751 296.261
  30 0.7375 88.5055 295.198
  31 0.7625 71.3275 293.514
  32 0.7875 88.474 291.489
  33 0.8125 71.3195 292.049
  34 0.8375 88.857 290.437
  35 0.8625 71.0265 290.59
  36 0.8875 88.6575 292.867
  37 0.9125 71.1935 289.586
  38 0.9375 90.266 281.346
  39 0.9625 69.6685 279.436
  40 0.9875 0 0
2800000 40 3040
  1 0.0125 0 0
  2 0.0375 89.3205 320.114
  3 0.0625 70.798 321.591
  4 0.0875 87.822 312.09
  5 0.1125 72.1605 305.002
  6 0.1375 88.225 303.272
  7 0.1625 71.8145 298.9
  8 0.1875 88.225 299.78
  9 0.2125 71.823 302.145
  10 0.2375 88.117 301.823
  11 0.2625 71.849 300.108
  12 0.2875 88.027 299.493
  13 0.3125 72.0395 300.964
  14 0.3375 87.913 302.538
  15 0.3625 72.136 300.707
  16 0.3875 87.8835 302.534
  17 0.4125 72.164 299.912
  18 0.4375 88.2225 296.675
  19 0.4625 71.684 296.058
  20 0.4875 88.299 296.373
  21 0.5125 71.7 297.25
  22 0.5375 88.116 294.599
  23 0.5625 71.8955 295.276
  24 0.5875 88.501 296.466
  25 0.6125 71.569 294.221
  26 0.6375 88.122 295.014
  27 0.6625 71.736 295.467
  28 0.6875 89.0245 297.297
  29 0.7125 71.0255 292.454
  30 0.7375 88.4945 292.161
  31 0.7625 71.4575 294.321
  32 0.7875 89.1635 294.151
  33 0.8125 70.7925 290.961
  34 0.8375 88.7945 290.919
  35 0.8625 71.2055 292.902
  36 0.8875 88.9585 290.458
  37 0.9125 70.966 287.499
  38 0.9375 89.9125 281.449
  39 0.9625 70.0425 279.436
  40 0.9875 0 0
3200000 40 3040
  1 0.0125 0 0
  2 0.0375 86.479 320.98
  3 0.0625 73.55 319.552
  4 0.0875 88.971 312.425
  5 0.1125 71.243 310.727
  6 0.1375 87.229 309.356
  7 0.1625 72.7565 305.576
  8 0.1875 88.355 307.523
  9 0.2125 71.8005 304.4
  10 0.2375 87.478 303.033
  11 0.2625 72.5805 303.73
  12 0.2875 88.033 304.067
  13 0.3125 72.079 304.711
  14 0.3375 87.41 302.196
  15 0.3625 72.735 300.629
  16 0.3875 87.3785 299.589
  17 0.4125 72.885 303.018
  18 0.4375 87.1265 301.955
  19 0.4625 72.789 298.913
  20 0.4875 87.267 300.645
  21 0.5125 72.97 295.91
  22 0.5375 87.082 294.112
  23 0.5625 72.747 295.454
  24 0.5875 86.9945 294.361
  25 0.6125 73.008 295.974
  26 0.6375 87.515 296.206
  27 0.6625 72.332 293.495
  28 0.6875 87.233 295.409
  29 0.7125 72.498 295.789
  30 0.7375 88.085 292.444
  31 0.7625 71.865 290.372
  32 0.7875 87.3105 291.809
  33 0.8125 72.46 290.474
  34 0.8375 88.9565 290.586
  35 0.8625 70.988 289.744
  36 0.8875 87.5515 290.217
  37 0.9125 72.2765 285.424
  38 0.9375 90.673 280.226
  39 0.9625 69.309 281.51
  40 0.9875 0 0
3600000 40 3040.0000000000014
  1 0.0125 0 0
  2 0.0375 88.538 317.833
  3 0.0625 71.567 319.301
  4 0.0875 88.1655 312.533
  5 0.1125 71.945 309.321
  6 0.1375 87.84 311.296
  7 0.1625 72.1725 309.164
  8 0.1875 88.5615 309.085
  9 0.2125 71.519 309.406
  10 0.2375 87.958 307.161
  11 0.2625 72.0725 306.628
  12 0.2875 88.5005 305.55
  13 0.3125 71.608 300.711
  14 0.3375 87.917 303.666
  15 0.3625 72.083 301.985
  16 0.3875 88.4645 301.627
  17 0.4125 71.6635 301.246
  18 0.4375 87.5885 301.141
  19 0.4625 72.4405 301.841
  20 0.4875 87.813 299.806
  21 0.5125 72.162 300.69
  22 0.5375 87.706 299.512
  23 0.5625 72.3005 298.743
  24 0.5875 87.633 295.386
  25 0.6125 72.3125 296.331
  26 0.6375 87.947 296.541
  27 0.6625 71.9195 296.228
  28 0.6875 87.8265 295.814
  29 0.7125 72.1925 295.747
  30 0.7375 88.1365 294.653
  31 0.7625 71.782 294.141
  32 0.7875 88.083 292.991
  33 0.8125 71.823 294.759
  34 0.8375 88.753 294.026
  35 0.8625 71.1615 293.272
  36 0.8875 88.0495 290.803
  37 0.9125 71.849 289.57
  38 0.9375 90.3535 282.438
  39 0.9625 69.592 279.956
  40 0.9875 0 0
4000000 40 3040
  1 0.0125 0 0
  2 0.0375 87.6915 320.12
  3 0.0625 72.3975 317.953
  4 0.0875 88.1475 312.406
  5 0.1125 71.904 308.891
  6 0.1375 88.19 308.888
  7 0.1625 71.8205 311.623
  8 0.1875 87.975 309.929
  9 0.2125 72.1445 308.565
  10 0.2375 88.211 308.728
  11 0.2625 71.837 304.748
  12 0.2875 87.844 303.76
  13 0.3125 72.097 302.397
  14 0.3375 88.075 300.861
  15 0.3625 72.0665 302.229
  16 0.3875 87.58 303.731
  17 0.4125 72.3625 303.086
  18 0.4375 87.9735 302.103
  19 0.4625 72.061 304.593
  20 0.4875 87.7955 303.084
  21 0.5125 72.1355 303.044
  22 0.5375 88.303 301.629
  23 0.5625 71.6465 301.523
  24 0.5875 88.2515 297.933
  25 0.6125 71.78 295.898
  26 0.6375 88.199 294.408
  27 0.6625 71.774 294.326
  28 0.6875 88.4485 292.899
  29 0.7125 71.5105 292.105
  30 0.7375 88.166 292.075
  31 0.7625 71.8605 290.042
  32 0.7875 88.725 290.968
  33 0.8125 71.285 293.835
  34 0.8375 88.5655 292.167
  35 0.8625 71.324 292.403
  36 0.8875 89.4935 291.654
  37 0.9125 70.451 287.665
  38 0.9375 89.6185 280.311
  39 0.9625 70.289 280.074
  40 0.9875 0 0
