# Chunk-averaged data for fix fp and group mobile
# Timestep Number-of-chunks Total-count
# Chunk Coord1 Ncount v_tatom
400000 40 4063.9999999999995
  1 0.0125 32 320.204
  2 0.0375 97.7565 319.62
  3 0.0625 111.742 314.787
  4 0.0875 110.46 311.86
  5 0.1125 96.4315 312.278
  6 0.1375 110.814 311.132
  7 0.1625 110.567 311.37
  8 0.1875 98.2425 309.134
  9 0.2125 105.156 310.123
  10 0.2375 110.785 307.709
  11 0.2625 104.039 308.642
  12 0.2875 99.945 306.892
  13 0.3125 110.829 307.272
  14 0.3375 108.591 307.249
  15 0.3625 97.66 308.275
  16 0.3875 109.569 307.373
  17 0.4125 110.653 305.646
  18 0.4375 98.958 305.384
  19 0.4625 105.508 303.7
  20 0.4875 110.816 302.799
  21 0.5125 103.421 302.884
  22 0.5375 101.09 302.504
  23 0.5625 110.728 304.112
  24 0.5875 107.766 304.101
  25 0.6125 98.067 301.646
  26 0.6375 109.388 301.104
  27 0.6625 110.287 299.188
  28 0.6875 98.865 299.738
  29 0.7125 106.315 297.42
  30 0.7375 110.797 298.214
  31 0.7625 102.746 298.176
  32 0.7875 100.402 297.999
  33 0.8125 110.392 296.446
  34 0.8375 109.112 293.98
  35 0.8625 96.4635 292.259
  36 0.8875 111.069 291.326
  37 0.9125 111.662 288.397
  38 0.9375 96.904 284.27
  39 0.9625 107.219 280.156
  40 0.9875 20.7815 279.682
800000 40 4063.9999999999995
  1 0.0125 32 320.878
  2 0.0375 97.635 320.86
  3 0.0625 111.867 314.467
  4 0.0875 110.469 309.87
  5 0.1125 96.3255 307.498
  6 0.1375 111.038 306.402
  7 0.1625 111.15 306.483
  8 0.1875 97.5275 304.767
  9 0.2125 106.195 305.653
  10 0.2375 110.439 302.816
  11 0.2625 103.338 302.801
  12 0.2875 99.917 303.299
  13 0.3125 110.609 301.161
  14 0.3375 109.118 300.468
  15 0.3625 97.2145 298.86
  16 0.3875 110.296 300.696
  17 0.4125 110.772 299.944
  18 0.4375 98.1355 298.475
  19 0.4625 106.231 297.909
  20 0.4875 110.739 298.902
  21 0.5125 102.977 298.397
  22 0.5375 100.707 298.155
  23 0.5625 110.536 295.084
  24 0.5875 108.263 293.819
  25 0.6125 97.4295 296.159
  26 0.6375 110.095 292.944
  27 0.6625 110.764 293.829
  28 0.6875 98.3095 291.907
  29 0.7125 106.031 293.721
  30 0.7375 110.541 291.901
  31 0.7625 103.334 293.454
  32 0.7875 99.484 293.612
  33 0.8125 110.796 292.678
  34 0.8375 109.694 290.208
  35 0.8625 96.275 289.062
  36 0.8875 111.455 287.113
  37 0.9125 111.558 288.56
  38 0.9375 96.7375 285.381
  39 0.9625 107.334 280.05
  40 0.9875 20.666 281.018
1200000 40 4064.0000000000005
  1 0.0125 32 319.359
  2 0.0375 97.559 319.024
  3 0.0625 111.667 314.518
  4 0.0875 110.712 306.881
  5 0.1125 96.265 310.979
  6 0.1375 110.837 309
  7 0.1625 110.909 308.186
  8 0.1875 98.054 312.752
  9 0.2125 105.508 310.151
  10 0.2375 110.583 308.329
  11 0.2625 103.892 304.206
  12 0.2875 99.995 304.849
  13 0.3125 110.847 306.747
  14 0.3375 108.614 306.921
  15 0.3625 97.6765 306.295
  16 0.3875 109.469 308.346
  17 0.4125 110.534 305.917
  18 0.4375 98.979 304.493
  19 0.4625 105.763 300.761
  20 0.4875 110.679 300.445
  21 0.5125 103.433 299.362
  22 0.5375 100.957 300.628
  23 0.5625 110.802 300.861
  24 0.5875 107.892 300.16
  25 0.6125 97.7135 299.61
  26 0.6375 109.677 298.943
  27 0.6625 110.356 298.964
  28 0.6875 98.7415 298.247
  29 0.7125 105.824 296.101
  30 0.7375 110.871 296.997
  31 0.7625 103.192 294.789
  32 0.7875 100.16 297.604
  33 0.8125 110.553 297.757
  34 0.8375 109.245 295.339
  35 0.8625 96.3555 294.177
  36 0.8875 111.102 290.574
  37 0.9125 111.558 287.002
  38 0.9375 97.026 285.661
  39 0.9625 107.316 280.47
  40 0.9875 20.684 282.475
1600000 40 4063.999999999999
  1 0.0125 32 321.772
  2 0.0375 97.4815 320.053
  3 0.0625 111.725 315.392
  4 0.0875 110.728 308.18
  5 0.1125 96.276 306.71
  6 0.1375 110.707 308.138
  7 0.1625 110.769 308.417
  8 0.1875 98.349 308.129
  9 0.2125 104.775 304.631
  10 0.2375 110.633 307.044
  11 0.2625 104.536 304.939
  12 0.2875 99.7225 302.108
  13 0.3125 111.108 302.701
  14 0.3375 108.588 302.206
  15 0.3625 97.708 302.055
  16 0.3875 109.261 302.867
  17 0.4125 110.192 304.434
  18 0.4375 99.638 302.727
  19 0.4625 105.244 301.418
  20 0.4875 110.775 301.828
  21 0.5125 103.722 302.677
  22 0.5375 100.878 302.16
  23 0.5625 110.482 299.893
  24 0.5875 107.713 296.385
  25 0.6125 98.4375 300.233
  26 0.6375 108.868 297.397
  27 0.6625 110.427 297.782
  28 0.6875 99.368 296.993
  29 0.7125 105.57 294.902
  30 0.7375 111.027 296.662
  31 0.7625 103.259 296.67
  32 0.7875 100.202 292.833
  33 0.8125 110.59 292.466
  34 0.8375 109.135 293.595
  35 0.8625 96.489 290.413
  36 0.8875 110.903 293.449
  37 0.9125 111.557 292.338
  38 0.9375 97.156 287.523
  39 0.9625 107.278 279.927
  40 0.9875 20.721 279.268
2000000 40 4064
  1 0.0125 32 320.12
  2 0.0375 97.5325 320.013
  3 0.0625 111.675 314.491
  4 0.0875 110.77 307.749
  5 0.1125 96.312 306.774
  6 0.1375 111.269 305.414
  7 0.1625 110.958 303.611
  8 0.1875 97.4915 301.969
  9 0.2125 105.924 302.193
  10 0.2375 110.463 304.776
  11 0.2625 103.604 306.587
  12 0.2875 99.7755 307.072
  13 0.3125 110.844 305.749
  14 0.3375 109.228 305.746
  15 0.3625 96.76 303.184
  16 0.3875 110.05 302.081
  17 0.4125 110.996 303.706
  18 0.4375 98.3575 302.126
  19 0.4625 105.785 301.645
  20 0.4875 110.724 300.393
  21 0.5125 103.457 297.677
  22 0.5375 100.338 297.694
  23 0.5625 110.639 299.187
  24 0.5875 108.665 298.032
  25 0.6125 96.9605 296.839
  26 0.6375 110.242 295.123
  27 0.6625 111.099 294.855
  28 0.6875 98.1035 294.62
  29 0.7125 106.126 292.34
  30 0.7375 110.362 294.016
  31 0.7625 103.484 296.164
  32 0.7875 99.3595 293.722
  33 0.8125 110.631 293.298
  34 0.8375 109.963 294.082
  35 0.8625 96.1805 292.078
  36 0.8875 111.402 289.018
  37 0.9125 111.666 290.645
  38 0.9375 96.801 285.927
  39 0.9625 107.219 280.028
  40 0.9875 20.781 279.308
2400000 40 4064.0000000000005
  1 0.0125 32 321.628
  2 0.0375 97.7045 320.766
  3 0.0625 111.525 314.985
  4 0.0875 110.733 310.55
  5 0.1125 96.246 309.466
  6 0.1375 110.672 310.106
  7 0.1625 110.994 309.18
  8 0.1875 98.14 310.319
  9 0.2125 105.676 309.872
  10 0.2375 110.299 310.193
  11 0.2625 104.008 310.957
  12 0.2875 99.1055 309.524
  13 0.3125 110.94 305.236
  14 0.3375 109.829 305.696
  15 0.3625 96.4895 303.855
  16 0.3875 110.706 306.208
  17 0.4125 111.07 307.464
  18 0.4375 97.8705 306.965
  19 0.4625 106.222 306.394
  20 0.4875 110.766 305.169
  21 0.5125 103.001 301.824
  22 0.5375 100.323 301.86
  23 0.5625 110.648 302.255
  24 0.5875 108.831 305.438
  25 0.6125 96.886 303.85
  26 0.6375 110.541 297.028
  27 0.6625 111.021 299.657
  28 0.6875 97.792 295.327
  29 0.7125 106.859 296.377
  30 0.7375 110.525 294.897
  31 0.7625 102.572 291.083
  32 0.7875 100.441 291.411
  33 0.8125 110.523 291.915
  34 0.8375 108.953 290.961
  35 0.8625 96.4765 290.664
  36 0.8875 110.934 290.703
  37 0.9125 111.684 288.121
  38 0.9375 96.992 284.801
  39 0.9625 107.301 279.218
  40 0.9875 20.699 282.924
2800000 40 4063.9999999999995
  1 0.0125 32 320.736
  2 0.0375 97.241 319.739
  3 0.0625 111.801 315.245
  4 0.0875 110.928 308.298
  5 0.1125 96.204 310.255
  6 0.1375 111.171 310.365
  7 0.1625 111.2 306.201
  8 0.1875 97.462 308.511
  9 0.2125 106.41 306.982
  10 0.2375 110.401 307.58
  11 0.2625 103.175 306.461
  12 0.2875 99.884 306.789
  13 0.3125 110.538 304.882
  14 0.3375 109.239 303.529
  15 0.3625 96.7315 301.717
  16 0.3875 110.143 302.534
  17 0.4125 111.296 301.344
  18 0.4375 98.186 297.631
  19 0.4625 106.097 301.093
  20 0.4875 110.621 301.346
  21 0.5125 103.251 299.668
  22 0.5375 100.005 298.643
  23 0.5625 110.919 298.826
  24 0.5875 108.826 297.144
  25 0.6125 96.9585 297.332
  26 0.6375 110.522 295.911
  27 0.6625 110.967 297.801
  28 0.6875 97.8435 298.53
  29 0.7125 105.978 294.769
  30 0.7375 110.48 292.797
  31 0.7625 103.519 292.307
  32 0.7875 99.096 291.068
  33 0.8125 110.736 290.757
  34 0.8375 110.154 289.834
  35 0.8625 96.182 288.458
  36 0.8875 111.559 287.2
  37 0.9125 111.687 287.972
  38 0.9375 96.586 283.741
  39 0.9625 107.684 280.508
  40 0.9875 20.316 279.546
3200000 40 4064
  1 0.0125 32 319.322
  2 0.0375 98.6505 321.966
  3 0.0625 110.9 313.737
  4 0.0875 110.396 307.941
  5 0.1125 96.2395 307.206
  6 0.1375 111.025 308.391
  7 0.1625 111.053 309.513
  8 0.1875 97.7375 309.2
  9 0.2125 105.306 307.666
  10 0.2375 110.463 305.136
  11 0.2625 104.228 304.412
  12 0.2875 98.9805 299.986
  13 0.3125 111.106 302.226
  14 0.3375 109.801 301.315
  15 0.3625 96.482 302.616
  16 0.3875 110.409 301.004
  17 0.4125 110.981 299.843
  18 0.4375 98.248 301.912
  19 0.4625 105.42 300.058
  20 0.4875 110.718 299.092
  21 0.5125 103.857 300.104
  22 0.5375 99.3605 300.126
  23 0.5625 110.725 301.08
  24 0.5875 109.659 300.839
  25 0.6125 96.6155 300.048
  26 0.6375 110.465 299.04
  27 0.6625 111.243 296.555
  28 0.6875 97.937 296.994
  29 0.7125 105.713 296.536
  30 0.7375 110.609 295.283
  31 0.7625 103.671 291.896
  32 0.7875 99.389 293.589
  33 0.8125 110.609 293.144
  34 0.8375 109.931 293.55
  35 0.8625 96.2555 290.32
  36 0.8875 111.202 287.085
  37 0.9125 111.544 287.936
  38 0.9375 97.0705 285.865
  39 0.9625 106.132 279.661
  40 0.9875 21.8685 281.367
3600000 40 4064
  1 0.0125 32 318.721
  2 0.0375 97.79 318.631
  3 0.0625 111.579 315.997
  4 0.0875 110.555 311.294
  5 0.1125 96.2375 311.674
  6 0.1375 110.73 311.967
  7 0.1625 110.858 311.763
  8 0.1875 98.2525 309.137
  9 0.2125 105.243 307.652
  10 0.2375 110.376 304.743
  11 0.2625 104.376 305.223
  12 0.2875 98.819 301.803
  13 0.3125 110.984 301.9
  14 0.3375 109.795 301.463
  15 0.3625 96.804 301.435
  16 0.3875 109.829 298.656
  17 0.4125 111.028 298.491
  18 0.4375 98.801 298.669
  19 0.4625 105.303 298.847
  20 0.4875 110.512 296.821
  21 0.5125 104.124 296.481
  22 0.5375 99.741 296.217
  23 0.5625 111.049 297.56
  24 0.5875 109.03 294.423
  25 0.6125 96.8165 293.061
  26 0.6375 110.282 295.331
  27 0.6625 110.856 298.184
  28 0.6875 98.251 294.126
  29 0.7125 105.712 294.034
  30 0.7375 110.46 293.169
  31 0.7625 103.807 291.181
  32 0.7875 99.347 289.381
  33 0.8125 110.713 293.005
  34 0.8375 109.841 292.386
  35 0.8625 96.345 288.956
  36 0.8875 110.903 288.967
  37 0.9125 111.501 289.302
  38 0.9375 97.351 284.98
  39 0.9625 106.12 280.012
  40 0.9875 21.88 279.827
4000000 40 4064
  1 0.0125 32 318.897
  2 0.0375 98.0385 319.693
  3 0.0625 111.42 314.988
  4 0.0875 110.481 307.685
  5 0.1125 96.4095 308.425
  6 0.1375 110.78 307.896
  7 0.1625 110.778 304.321
  8 0.1875 98.1135 305.859
  9 0.2125 105.007 304.897
  10 0.2375 110.725 306.303
  11 0.2625 104.242 306.284
  12 0.2875 99.56 303.486
  13 0.3125 110.915 303.876
  14 0.3375 109.109 305.863
  15 0.3625 96.9235 302.974
  16 0.3875 109.841 304.156
  17 0.4125 111.165 301.537
  18 0.4375 98.5045 302.052
  19 0.4625 105.913 299.667
  20 0.4875 110.99 299.651
  21 0.5125 103.075 298.985
  22 0.5375 100.714 299.28
  23 0.5625 110.71 296.67
  24 0.5875 108.212 293.811
  25 0.6125 97.1925 290.768
  26 0.6375 110.074 291.772
  27 0.6625 110.873 292.511
  28 0.6875 98.2585 295.804
  29 0.7125 106.805 293.086
  30 0.7375 110.773 293.478
  31 0.7625 102.398 290.026
  32 0.7875 100.186 288.691
  33 0.8125 110.635 289.985
  34 0.8375 109.001 290.433
  35 0.8625 96.5325 289.076
  36 0.8875 111.177 285.734
  37 0.9125 111.808 286.812
  38 0.9375 96.663 282.738
  39 0.9625 108.472 279.245
  40 0.9875 19.527 279.897
