# Chunk-averaged data for fix fp and group mobile
# Timestep Number-of-chunks Total-count
# Chunk Coord1 Ncount v_tatom
400000 40 3040.0000000000005
  1 0.0125 0 0
  2 0.0375 89.319 319.618
  3 0.0625 70.774 319.935
  4 0.0875 88.224 312.677
  5 0.1125 71.8575 309.454
  6 0.1375 87.9825 308.644
  7 0.1625 72.1175 308.152
  8 0.1875 88.234 305.083
  9 0.2125 71.818 303.53
  10 0.2375 88.0175 304.128
  11 0.2625 72.074 303.51
  12 0.2875 88.1615 304.209
  13 0.3125 71.778 301.503
  14 0.3375 88.1785 303.725
  15 0.3625 71.917 301.327
  16 0.3875 88.034 300.023
  17 0.4125 72.095 301.24
  18 0.4375 88.1015 299.008
  19 0.4625 71.8225 298.514
  20 0.4875 87.958 295.804
  21 0.5125 72.0285 295.965
  22 0.5375 88.263 294.444
  23 0.5625 71.662 295.704
  24 0.5875 88.2635 296.288
  25 0.6125 72.0385 295.935
  26 0.6375 87.9125 296.826
  27 0.6625 71.7115 298.495
  28 0.6875 88.6235 294.528
  29 0.7125 71.55 292.306
  30 0.7375 88.2635 292.778
  31 0.7625 71.5425 294.807
  32 0.7875 89.0775 292.92
  33 0.8125 70.8375 292.13
  34 0.8375 88.907 290.712
  35 0.8625 71.032 290.186
  36 0.8875 89.038 290.251
  37 0.9125 70.8775 286.65
  38 0.9375 90.3145 281.069
  39 0.9625 69.593 278.678
  40 0.9875 0 0
800000 40 3040
  1 0.0125 0 0
  2 0.0375 90.6825 319.184
  3 0.0625 69.5315 319.395
  4 0.0875 87.964 311.355
  5 0.1125 72.1685 306.574
  6 0.1375 88.2155 305.753
  7 0.1625 71.9255 305.503
  8 0.1875 88.092 305.938
  9 0.2125 72.0295 305.887
  10 0.2375 87.17 302.948
  11 0.2625 72.9805 304.238
  12 0.2875 87.9875 303.997
  13 0.3125 72.222 301.81
  14 0.3375 87.0165 301.576
  15 0.3625 72.711 299.515
  16 0.3875 88.0115 299.151
  17 0.4125 72.1435 297.689
  18 0.4375 87.183 297.914
  19 0.4625 72.929 295.511
  20 0.4875 88.0385 297.435
  21 0.5125 71.819 298.163
  22 0.5375 87.757 298.452
  23 0.5625 72.2025 295.708
  24 0.5875 88.206 296.593
  25 0.6125 71.91 293.363
  26 0.6375 87.9555 293.375
  27 0.6625 71.788 293.87
  28 0.6875 88.167 293.284
  29 0.7125 71.739 292.118
  30 0.7375 88.442 294.963
  31 0.7625 71.409 290.705
  32 0.7875 88.617 292.268
  33 0.8125 71.2685 291.185
  34 0.8375 88.7745 291.002
  35 0.8625 71.1095 290.645
  36 0.8875 88.475 289.203
  37 0.9125 71.3905 286.881
  38 0.9375 90.462 280.634
  39 0.9625 69.506 279.278
  40 0.9875 0 0
1200000 40 3040.0000000000005
  1 0.0125 0 0
  2 0.0375 89.7085 320.637
  3 0.0625 70.4095 318.791
  4 0.0875 88.1505 309.719
  5 0.1125 71.9065 307.653
  6 0.1375 88.352 307.871
  7 0.1625 71.7385 308.248
  8 0.1875 87.998 306.666
  9 0.2125 72.1725 305.52
  10 0.2375 87.528 304.327
  11 0.2625 72.6715 303.487
  12 0.2875 87.608 300.294
  13 0.3125 72.504 302.085
  14 0.3375 87.176 303.246
  15 0.3625 72.708 301.974
  16 0.3875 87.7405 299.845
  17 0.4125 72.5805 301.424
  18 0.4375 86.9675 300.346
  19 0.4625 72.8715 300.307
  20 0.4875 87.819 297.053
  21 0.5125 72.296 296.13
  22 0.5375 87.39 296.035
  23 0.5625 72.389 300.879
  24 0.5875 88.116 301.887
  25 0.6125 71.988 300.669
  26 0.6375 87.5895 300.673
  27 0.6625 72.2835 299.122
  28 0.6875 88.223 298.193
  29 0.7125 71.5705 298.44
  30 0.7375 88.158 298.48
  31 0.7625 71.7465 298.414
  32 0.7875 88.404 294.966
  33 0.8125 71.4815 293.632
  34 0.8375 88.889 295.486
  35 0.8625 71.0215 292.769
  36 0.8875 88.195 288.533
  37 0.9125 71.683 286.073
  38 0.9375 90.561 281.145
  39 0.9625 69.4045 279.129
  40 0.9875 0 0
1600000 40 3040.0000000000005
  1 0.0125 0 0
  2 0.0375 88.858 320.362
  3 0.0625 71.2025 318.501
  4 0.0875 87.8655 313.795
  5 0.1125 72.1495 307.446
  6 0.1375 88.065 306.876
  7 0.1625 71.9805 306.759
  8 0.1875 88.1055 305.523
  9 0.2125 71.993 303.748
  10 0.2375 87.625 304.355
  11 0.2625 72.432 305.887
  12 0.2875 88.041 307.342
  13 0.3125 72.0935 303.277
  14 0.3375 87.6835 302.433
  15 0.3625 72.4675 303.5
  16 0.3875 87.8975 301.313
  17 0.4125 72.1475 299.146
  18 0.4375 87.656 300.117
  19 0.4625 72.353 299.876
  20 0.4875 87.8105 297.943
  21 0.5125 72.3005 298.737
  22 0.5375 87.644 298.483
  23 0.5625 72.1925 298.906
  24 0.5875 87.861 298.826
  25 0.6125 72.244 297.172
  26 0.6375 87.857 295.457
  27 0.6625 71.9985 295.078
  28 0.6875 88.147 295.67
  29 0.7125 71.779 296.11
  30 0.7375 88.131 294.223
  31 0.7625 71.692 291.222
  32 0.7875 88.614 290.128
  33 0.8125 71.3595 290.858
  34 0.8375 88.69 291.496
  35 0.8625 71.21 288.747
  36 0.8875 88.637 290.588
  37 0.9125 71.262 288.167
  38 0.9375 90.125 279.88
  39 0.9625 69.8295 278.19
  40 0.9875 0 0
2000000 40 3040
  1 0.0125 0 0
  2 0.0375 89.5775 319.106
  3 0.0625 70.5295 319.498
  4 0.0875 88.0565 315.301
  5 0.1125 71.947 310.608
  6 0.1375 88.7955 309.522
  7 0.1625 71.3795 309.921
  8 0.1875 88.381 310.243
  9 0.2125 71.536 308.327
  10 0.2375 88.763 305.603
  11 0.2625 71.285 306.396
  12 0.2875 88.4065 303.942
  13 0.3125 71.7885 303.615
  14 0.3375 88.509 306.648
  15 0.3625 71.3125 305.08
  16 0.3875 88.3745 306.84
  17 0.4125 71.8235 304.572
  18 0.4375 88.4875 304.379
  19 0.4625 71.4765 305.096
  20 0.4875 88.459 303.51
  21 0.5125 71.5485 302.404
  22 0.5375 88.2685 303.849
  23 0.5625 71.7695 304.242
  24 0.5875 88.2835 301.029
  25 0.6125 71.81 300.944
  26 0.6375 88.0115 302.027
  27 0.6625 71.8625 299.954
  28 0.6875 88.3045 300.298
  29 0.7125 71.6755 299.172
  30 0.7375 88.2425 296.514
  31 0.7625 71.659 292.796
  32 0.7875 88.9825 293.052
  33 0.8125 70.9855 294.216
  34 0.8375 88.5215 295.211
  35 0.8625 71.329 291.859
  36 0.8875 89.743 288.531
  37 0.9125 70.182 286.906
  38 0.9375 89.217 280.562
  39 0.9625 70.716 279.757
  40 0.9875 0 0
2400000 40 3040
  1 0.0125 0 0
  2 0.0375 89.6925 320.038
  3 0.0625 70.4355 318.89
  4 0.0875 87.8985 310.418
  5 0.1125 72.2045 305.712
  6 0.1375 88.3725 303.554
  7 0.1625 71.7975 303.665
  8 0.1875 87.955 300.753
  9 0.2125 72.1325 297.875
  10 0.2375 87.627 298.616
  11 0.2625 72.7345 298.981
  12 0.2875 87.7 297.373
  13 0.3125 72.49 299.077
  14 0.3375 86.89 301.105
  15 0.3625 73.097 300.98
  16 0.3875 87.581 297.334
  17 0.4125 72.696 296.642
  18 0.4375 86.8505 297.444
  19 0.4625 73.078 295.358
  20 0.4875 87.1345 296.074
  21 0.5125 73.008 294.63
  22 0.5375 86.8965 295.382
  23 0.5625 72.949 294.56
  24 0.5875 87.433 294.916
  25 0.6125 72.5825 293.785
  26 0.6375 87.0875 294.963
  27 0.6625 72.606 294.38
  28 0.6875 87.66 297.472
  29 0.7125 72.1735 295.878
  30 0.7375 87.6595 294.651
  31 0.7625 72.2385 294.196
  32 0.7875 87.98 293.289
  33 0.8125 71.753 295.261
  34 0.8375 88.2925 292.105
  35 0.8625 71.556 291.389
  36 0.8875 88.2475 289.519
  37 0.9125 71.5895 289.6
  38 0.9375 90.1155 282.889
  39 0.9625 69.805 280.494
  40 0.9875 0 0
2800000 40 3040
  1 0.0125 0 0
  2 0.0375 89.7055 319.065
  3 0.0625 70.3865 319.362
  4 0.0875 87.6535 312.911
  5 0.1125 72.3175 308.64
  6 0.1375 88.2595 310.82
  7 0.1625 71.8025 312
  8 0.1875 88.083 308.768
  9 0.2125 71.98 306.161
  10 0.2375 87.605 304.502
  11 0.2625 72.4885 304.666
  12 0.2875 88.2115 307.271
  13 0.3125 71.8695 305.993
  14 0.3375 87.5405 302.688
  15 0.3625 72.368 299.771
  16 0.3875 88.2195 299.597
  17 0.4125 72.0235 302.091
  18 0.4375 87.353 302.225
  19 0.4625 72.555 299.113
  20 0.4875 88.004 298.852
  21 0.5125 72.0245 301.545
  22 0.5375 87.1155 301.38
  23 0.5625 72.698 298.517
  24 0.5875 88.0435 298.233
  25 0.6125 72.239 298.089
  26 0.6375 86.8395 298.319
  27 0.6625 73.027 296.762
  28 0.6875 87.9635 298.157
  29 0.7125 72.0035 296.685
  30 0.7375 87.4805 294.843
  31 0.7625 72.4135 292.897
  32 0.7875 87.9325 294.084
  33 0.8125 71.989 293.104
  34 0.8375 88.4095 289.911
  35 0.8625 71.533 291.991
  36 0.8875 87.152 291.673
  37 0.9125 72.7365 289.47
  38 0.9375 91.2415 281.219
  39 0.9625 68.732 278.863
  40 0.9875 0 0
3200000 40 3039.9999999999986
  1 0.0125 0 0
  2 0.0375 86.0895 321.073
  3 0.0625 73.927 320.248
  4 0.0875 89.2145 313.879
  5 0.1125 71.222 313.344
  6 0.1375 86.79 312.557
  7 0.1625 72.9785 309.735
  8 0.1875 88.256 311.161
  9 0.2125 71.9155 311.136
  10 0.2375 87.397 309.567
  11 0.2625 72.6415 308.962
  12 0.2875 87.7605 308.076
  13 0.3125 72.346 305.999
  14 0.3375 87.5415 306.901
  15 0.3625 72.245 305.006
  16 0.3875 88.0165 301.351
  17 0.4125 72.285 300.177
  18 0.4375 87.6435 300.517
  19 0.4625 72.2065 299.415
  20 0.4875 87.7785 300.92
  21 0.5125 72.02 298.418
  22 0.5375 88.2205 295.831
  23 0.5625 71.9205 297.435
  24 0.5875 87.8725 297.673
  25 0.6125 72.078 298.176
  26 0.6375 88.295 296.271
  27 0.6625 71.6945 295.731
  28 0.6875 88.1245 298.204
  29 0.7125 71.702 296.574
  30 0.7375 88.6765 295.774
  31 0.7625 71.5595 293.221
  32 0.7875 87.649 293.239
  33 0.8125 72.07 291.934
  34 0.8375 89.336 292.41
  35 0.8625 70.7395 292.304
  36 0.8875 87.567 293.208
  37 0.9125 72.2515 289.433
  38 0.9375 91.393 281.038
  39 0.9625 68.576 281.883
  40 0.9875 0 0
3600000 40 3039.9999999999986
  1 0.0125 0 0
  2 0.0375 89.3285 319.816
  3 0.0625 70.824 320.701
  4 0.0875 88.0495 312.738
  5 0.1125 72.0185 308.952
  6 0.1375 88.392 311.694
  7 0.1625 71.8305 312.372
  8 0.1875 88.3985 309.251
  9 0.2125 71.6655 310.244
  10 0.2375 88.0225 306.311
  11 0.2625 72.151 307.79
  12 0.2875 88.221 309.701
  13 0.3125 71.756 308.282
  14 0.3375 87.4985 306.135
  15 0.3625 72.5445 306.375
  16 0.3875 88.0235 306.663
  17 0.4125 72.07 305.309
  18 0.4375 87.3705 306.187
  19 0.4625 72.5835 302.99
  20 0.4875 88.2525 305.242
  21 0.5125 71.7105 303.709
  22 0.5375 87.7105 303.48
  23 0.5625 72.3395 301.021
  24 0.5875 88.4415 299.201
  25 0.6125 71.406 297.498
  26 0.6375 88.314 298.688
  27 0.6625 71.673 296.753
  28 0.6875 88.575 297.603
  29 0.7125 71.41 297.271
  30 0.7375 88.525 297.046
  31 0.7625 71.3335 296.849
  32 0.7875 88.6575 296.946
  33 0.8125 71.3405 295.6
  34 0.8375 89.1225 293.807
  35 0.8625 70.595 292.744
  36 0.8875 88.542 291.428
  37 0.9125 71.373 288.744
  38 0.9375 90.785 280.376
  39 0.9625 69.1455 280.198
  40 0.9875 0 0
4000000 40 3040
  1 0.0125 0 0
  2 0.0375 87.8325 320.389
  3 0.0625 72.2325 319.684
  4 0.0875 88.1555 317.016
  5 0.1125 71.905 311.61
  6 0.1375 88.0075 312.708
  7 0.1625 72.023 310.643
  8 0.1875 88.1035 310.649
  9 0.2125 71.9995 313.337
  10 0.2375 87.845 313.382
  11 0.2625 72.236 313.368
  12 0.2875 87.759 311.459
  13 0.3125 72.1305 308.351
  14 0.3375 87.6815 308.926
  15 0.3625 72.593 308.136
  16 0.3875 87.207 307.503
  17 0.4125 72.759 305.188
  18 0.4375 87.697 305.463
  19 0.4625 72.312 304.567
  20 0.4875 87.5595 302.262
  21 0.5125 72.261 301.046
  22 0.5375 87.9895 301.242
  23 0.5625 72.097 301.352
  24 0.5875 87.671 301.293
  25 0.6125 72.187 302.186
  26 0.6375 88.0355 298.077
  27 0.6625 72.101 298
  28 0.6875 87.904 297.294
  29 0.7125 72.0425 296.895
  30 0.7375 87.8995 294.739
  31 0.7625 72.055 293.498
  32 0.7875 88.405 294.934
  33 0.8125 71.6305 295.594
  34 0.8375 88.25 291.755
  35 0.8625 71.5725 291.989
  36 0.8875 89.1465 292.6
  37 0.9125 70.7745 290.647
  38 0.9375 89.566 279.985
  39 0.9625 70.3735 280.296
  40 0.9875 0 0
