t_ps E_hot_eV E_cold_eV
0 0 0
10 -9.33216821456037 9.18049849024912
20 -17.3428774544987 17.8537035185053
30 -25.1307916275755 26.8188938504606
40 -30.8194966372813 32.8852360212748
50 -39.7288474530432 40.6106877128025
60 -48.9753301825623 49.5468323705259
70 -53.1023081391346 54.5803691617135
80 -66.534534764963 65.0319072572628
90 -72.4275109911842 71.5640276513481
100 -75.219496529114 77.7195989787949
110 -81.4683048688365 84.8543532372269
120 -88.2055664364129 89.5789515846851
130 -92.315078114728 96.998353898752
140 -99.4335015586645 103.484883231182
150 -107.183345594757 108.853499806197
160 -110.811001526612 116.808528061544
170 -118.706573023737 125.156758353651
180 -128.852327028738 131.700496523244
190 -135.591360300707 138.362495959943
200 -143.708048675552 144.93679773621
210 -149.050077082619 149.117328832121
220 -156.294635850129 159.076462697789
230 -165.110958023349 166.829442449696
240 -172.407272862499 175.742095293751
250 -182.191724964815 182.326443384521
260 -191.512136710629 192.090384474183
270 -204.275084817681 201.629343012949
280 -212.80429247963 211.813125743981
290 -214.23531950747 218.624299749957
300 -226.674229468351 228.35448880373
310 -233.185348515496 234.126884155912
320 -242.011002760301 241.253751976495
330 -251.407815965631 251.94821711829
340 -260.191766171851 261.957594395156
350 -266.373463194313 265.231090160272
360 -274.247434029571 273.608001455162
370 -282.880488044605 281.638772913761
380 -285.952189222371 286.943105326837
390 -294.741424668275 294.480885426964
400 -301.345825115159 302.780673347431
410 -311.67761063135 310.101033840556
420 -317.540757239768 317.294911752645
430 -320.709207235382 324.018955446167
440 -325.279617539499 329.581401829638
450 -333.643143190482 334.010893323842
460 -340.197977354556 344.237792323701
470 -349.554471174947 350.309196734128
480 -352.948912630616 358.102514445838
490 -359.47752728736 362.937336108774
500 -371.705905956164 373.742409698284
510 -384.534101242835 387.813292425724
520 -393.472199570367 390.593665653825
530 -403.471400666063 401.160533123283
540 -408.75156181065 411.770046665344
550 -416.163430037755 417.279610494245
560 -422.085020487849 426.059133727052
570 -428.404933546446 433.068984853665
580 -437.842476567221 438.403251025733
590 -447.737067712488 446.905387387839
600 -453.817326721943 455.405482875039
610 -461.685684426862 463.170774425509
620 -466.561965710399 470.143549221486
630 -471.691413544789 473.047397644725
640 -476.270278877251 478.868442617861
650 -480.126830833666 481.156228144091
660 -482.16790554036 486.528789865334
670 -488.137571597516 488.717046099766
680 -496.325315564547 495.762219170895
690 -500.938181273121 502.278407854593
700 -507.804890757109 510.29614992297
710 -513.097197203865 514.087767668742
720 -516.625039200893 517.115189324676
730 -530.328077299987 529.225210292051
740 -534.279299030742 539.572577734619
750 -542.975295256748 543.921551533601
760 -548.880384532325 552.610573816867
770 -553.489360960254 559.049404339543
780 -562.791101950923 565.001658776833
790 -567.294078255017 571.833150118182
800 -573.839801461098 578.166885135482
810 -580.633420898814 583.84991586724
820 -589.527152780184 590.289456984074
830 -598.908388766541 599.09782354673
840 -604.239542913521 605.567892679745
850 -613.418263143223 615.47891064187
860 -621.872716157195 623.730965159188
870 -629.068048720263 630.52190893914
880 -633.850370752892 637.823043632703
890 -641.697575771862 644.707273121388
900 -648.290577036362 649.695173531582
910 -654.660856666709 657.112994676751
920 -660.99135117317 665.181729654361
930 -670.786649187359 671.048480719326
940 -676.064281008886 679.206602581925
950 -681.454716468628 683.144093431524
960 -684.056754289445 685.332638209785
970 -691.19185128201 695.223066726287
980 -704.544722719662 704.307739910777
990 -715.201620579686 713.662129612425
1000 -718.516244146308 721.308425819801
1010 -724.938698767939 729.386383419385
1020 -732.349731302102 733.04771851916
1030 -739.510866788493 743.058457942471
1040 -745.893055156811 749.379661768369
1050 -752.301318358969 755.237245673165
1060 -758.357770294482 760.576491390722
1070 -765.393359534211 768.513668823524
1080 -772.681950637982 774.018331537355
1090 -781.29667026068 783.326616388789
1100 -788.408217399919 792.044381938553
1110 -795.953023836413 799.742171617497
1120 -806.205661173767 808.590601938192
1130 -813.903606098811 815.837275015848
1140 -821.304638816297 825.211394111276
1150 -827.330903017456 835.304105971597
1160 -835.571143092338 840.988436612027
1170 -844.202710837026 849.172493320364
1180 -853.128482551731 858.12619312803
1190 -861.790999372123 863.341929163656
1200 -869.459639141218 874.039755736256
1210 -878.655427222697 879.937792334902
1220 -884.475437211022 885.018294860822
1230 -888.252014769065 891.691479984957
1240 -895.493593240374 897.167712599652
1250 -901.23946820057 904.195401751761
1260 -910.453276806171 913.125959763298
1270 -918.100965848739 922.092700581511
1280 -924.885877485795 929.165347992136
1290 -932.697061742125 937.429537737329
1300 -944.107941246523 945.78176409347
1310 -954.380104823201 953.636176972006
1320 -961.076021652929 962.037679167802
1330 -969.97506747436 969.082009562426
1340 -976.813909658773 976.216192106953
1350 -984.552671746441 983.496890353411
1360 -993.096406836101 993.526856933241
1370 -996.688386483714 998.975837387566
1380 -1003.51882888726 1007.24407301004
1390 -1013.36049604423 1016.30309798726
1400 -1022.21347801096 1022.63762095681
1410 -1030.43944529546 1032.39208085595
1420 -1037.93997504373 1039.94550802917
1430 -1047.13802245417 1048.57824872256
1440 -1055.16043413335 1056.36583517307
1450 -1062.3218106072 1065.3070019336
1460 -1070.72853919452 1073.01053866846
1470 -1076.41246242206 1080.70149230025
1480 -1085.6918113236 1089.78947182619
1490 -1095.03147824129 1093.66513260291
1500 -1100.23377905442 1102.8006278738
1510 -1106.49019032709 1107.4982883388
1520 -1113.39713109257 1115.81318949859
1530 -1119.96920014544 1122.92685702377
1540 -1125.10392468735 1128.0126028903
1550 -1134.61688793484 1134.85780495349
1560 -1142.24184773851 1142.13876611451
1570 -1148.80905910737 1148.975660971
1580 -1154.17864910642 1157.70477706543
1590 -1160.2103717027 1163.73496805037
1600 -1171.73912779882 1172.57285388236
1610 -1179.34533169085 1179.85931219796
1620 -1183.35690565463 1189.62548282092
1630 -1194.60868652076 1194.14883755605
1640 -1205.92565064751 1203.82343907355
1650 -1210.15683833158 1213.50077715758
1660 -1215.15326800514 1221.7374368905
1670 -1226.54351749455 1230.59615900899
1680 -1236.38151660958 1237.65255353861
1690 -1243.31135697006 1242.97618431046
1700 -1248.79435240604 1251.12404649858
1710 -1255.91657377015 1257.50491548361
1720 -1262.21027154395 1264.67441095087
1730 -1265.3820572882 1270.12899587072
1740 -1275.14670781677 1278.7073634033
1750 -1280.12714895408 1281.87902764312
1760 -1285.09640106375 1289.66918128411
1770 -1295.73260694162 1295.62862360171
1780 -1304.55234323688 1305.54611532983
1790 -1308.49764451175 1313.5190750281
1800 -1317.62116380012 1320.02597869588
1810 -1320.51956862109 1325.26495560351
1820 -1331.23290255837 1335.56461124159
1830 -1337.90142218638 1338.31226790664
1840 -1342.7520449012 1346.06564532171
1850 -1347.40684138222 1352.61897140691
1860 -1356.35087624756 1359.55957354826
1870 -1362.41161924835 1363.99061557478
1880 -1368.34769081329 1368.58297500776
1890 -1372.94342068555 1375.77911440236
1900 -1381.77642610817 1384.22587012137
1910 -1391.83605354721 1392.59178039983
1920 -1398.48629124563 1398.61341221169
1930 -1399.99179058518 1402.52200620896
1940 -1408.79784716754 1408.23964478328
1950 -1418.2944559919 1418.65469582816
1960 -1426.28953685803 1430.11065563244
1970 -1435.29792077646 1435.59087904672
1980 -1446.9770860984 1444.73707717777
1990 -1451.48867840754 1452.23377145179
2000 -1461.10218741271 1461.92587650071
